111111111111111111111111111111111111111
102002002002002002012502002002002022221
120020020020020020010022020020020022221
100200200200200200210202200200200222221
102002002002011111111111111111111112221
120020020020020020020020020020020020021
100200200200200200200200200700200200201
102002002002002002002002002002002002001
111111111111020020221111111111111020021
100200200200200200220200200200200200201
102002002002002002222002002002002002001
120020020020020020220020020020020020021
100200200200200200220200200200200200201
102002011111111111112002002111111111111
120020020020020020111020020020020020021
100200200200200200212200200200200200201
102002002002002002212002002002002002001
120020020020020222212020011111111120021
100200200200200222212200200200200200201
111111112002002222222002002002002002001
120020020020020225022020020020020020021
100200200200200220222200200200200200201
102002006002002222222002002001111111111
120020020020020222222020020020020020021
100200200200200222222200200200200200201
102002111111111212222002002002002002001
120020020020020211111111110020020020021
100200200200200220200200200200200200201
102002002002002222002002002002002002001
120020020020020220020020020020020020021
100200200200200220200211111111111111111
102011111111111122002002002002002002001
120020020020020020020020020020020020021
100200200200200200200200200200200200201
102002002002002032002002002002002002001
122211111111111111111111020020020020021
122220200220201200200200200200200200201
122222002022001002042002002002002002001
122220020020521020020020020020020020021
111111111111111111111111111111111111111
